19249.9   1
1249.7866
1286.7443
656.4618
658.3295
658.4253
674.2945
683.3998
680.4153
2779.6862
703.4201
718.4512
1433.8307
716.2996
726.4131
1463.9128
1467.8255
2225.2283
1528.7993
1534.8916
765.4285
772.4641
777.4251
1568.8892
1575.8805
784.5726
793.5074
811.4054
1647.9797
832.4655
2504.4632
833.565
1681.9498
850.5227
2565.483
1721.9897
864.4587
2603.5501
1779.0446
2664.5779
898.4275
1808.0085
1809.9883
1812.0056
1821.1226
2764.6203
926.5714
3709.0573
937.5721
2831.687
2833.6278
941.5466
1891.2344
1892.1002
2849.6326
2892.6084
1924.1054
960.58
1926.123
977.5477
1965.1587
1966.1325
2005.2392
1011.5551
2020.2666
2034.1433
2039.2023
1021.5664
1029.5594
1034.5672
2075.2885
2076.2874
1040.6699
2097.1333
2110.2017
1052.6256
1068.5645
1073.6163
2151.287
1088.6497
1093.6771
2192.2081
2204.3339
2210.2256
2220.314
2225.2929
2238.2927
1121.5852
1127.661
2277.3296
1139.6205
1155.5819
2322.3604
2335.3664
2339.2746
2354.3125
2369.2055
1187.666
2385.3765
3598.841
2409.4072
1202.6797
2427.4976
2437.4528
3709.9803
2477.5457
2491.4753
2524.4871
1268.6801
2565.459
1286.6932
1288.7247
1311.7624
2664.5443
2680.66
2732.677
1375.7496
2763.6352
2765.6366
2767.641
2818.6315
2832.7037
2853.6261
1433.7922
2892.6983
1467.7589
1488.8429
2981.8197
3079.7496
1555.84
1575.9476
1575.3992
3200.8464
3217.75
1722.9788
1789.9253
1809.0273
