19235.4   1
1286.7276
658.4253
683.3998
703.4102
1433.8114
718.4408
1467.8052
1534.8442
777.413
1575.9055
811.4055
832.4516
2504.421
1681.9487
850.5082
2565.4388
1721.9599
864.4587
1779.0127
898.4276
1808.9979
1812.0056
2833.6278
2831.5253
941.5466
1892.1363
2892.496
1925.1137
977.5093
1965.1198
1966.0545
2005.1987
1011.5344
2039.2023
1029.5594
1034.5457
2075.2451
2110.2017
1068.5645
1073.6377
2203.3061
2205.2156
2209.2415
2238.2927
1121.5852
2278.3229
1155.555
2335.3664
2339.2746
2354.3125
2369.4317
1187.6376
2409.3487
2410.3434
3709.8878
2491.4753
2525.322
2529.3759
1268.6477
1286.6599
1288.6913
1311.7278
2732.5266
1375.7115
2763.6352
2766.6385
2818.6315
2821.5951
2853.5441
2892.614
1488.7983
1555.8401
1575.8976
3219.6276
1722.9788
1789.9253
1808.9614
