8550.5   1
1217.828113
1248.80235
635.389443
1304.861342
654.448467
2725.675456
2080.298392
1433.914879
1477.96237
763.489375
1535.004263
1562.021644
3924.374523
1579.010444
4849.902283
4108.49221
4962.010248
2496.509874
2512.520283
5869.55867
4208.556789
1692.115884
4236.549184
5110.107868
8559.156899
8558.898313
8562.113281
8579.115
8584.091183
8582.902317
8607.041102
5180.119677
4323.593664
864.53795
3471.123499
3473.129552
866.607207
5215.060002
5237.163586
2652.619989
3544.148733
6212.754918
5322.238613
6228.751648
2691.591588
3598.141527
1803.151456
6326.716795
2709.627037
5457.279956
1821.147662
5473.267342
4580.706955
5528.310438
7369.369027
6479.835016
3715.274863
3717.276531
6526.870281
2805.637251
8445.072922
8457.115643
2824.673599
5657.414432
8500.123372
8516.099994
2840.699243
8515.896869
4735.835308
8543.079396
8559.135713
7609.224956
8584.076389
8582.879553
8573.110986
8576.900366
5736.458034
1917.206797
5753.483074
1919.228494
5756.488146
7695.488818
1920.231647
6739.945233
4843.87049
5825.482342
4848.914972
5834.476686
3902.33236
7813.694117
5867.521011
5870.530422
5907.530159
7906.684601
4962.013625
3979.429679
4971.963341
6998.099476
6020.585409
5041.999265
6063.547106
3033.791235
5088.010548
5103.00941
5108.186503
8173.907237
4107.489362
8287.014732
6208.755327
3102.891317
7256.25155
2080.292551
5215.072816
7342.295383
4208.54367
8456.077091
8461.125977
8472.100981
4237.549268
8501.097306
8499.822581
8517.063646
8516.835134
8527.038695
6393.767651
8542.09106
8558.119374
8562.089653
8561.812537
6478.843822
4323.571197
4351.585759
5456.268029
2195.312061
6597.921935
6641.912997
2211.333781
6644.916024
6665.826743
4451.634038
3344.054501
2233.356078
3379.002443
5656.375576
1135.704776
5693.440957
4580.701309
5735.466686
2303.387629
2304.390441
3472.127786
6953.096424
6983.111211
6998.092448
8172.800465
2348.407598
5869.508373
8286.899618
3588.126318
3598.101507
2395.436869
6020.602727
8457.080557
7255.265244
8472.038594
4845.868124
6063.60584
8501.073117
8517.07475
7297.237363
8544.000852
8560.058925
3711.182751
3716.255515
4962.973786
2495.499625
2497.49311
1263.793922
5088.968287
6641.885834
2691.579377
6782.103587
6787.252292
6792.408809
6808.8596
1360.523327
2904.692953